ISS (ZARYA)             
1 25544U 98067A   25328.86728725  .00014562  00000+0  27142-3 0  9991
2 25544  51.6314 230.9455 0003895 164.8499 195.2607 15.49056620540081
CSS (TIANHE)            
1 48274U 21035A   25328.58140128  .00021413  00000+0  27858-3 0  9998
2 48274  41.4653 126.8581 0010743 261.2431  98.7190 15.58193834261195
ISS (NAUKA)             
1 49044U 21066A   25328.86728725  .00014562  00000+0  27142-3 0  9997
2 49044  51.6314 230.9455 0003895 164.8499 195.2607 15.49056620230448
FREGAT DEB              
1 49271U 11037PF  25328.51515427  .00008679  00000+0  19028-1 0  9995
2 49271  51.6174 253.3275 0873386 184.4935 174.7666 12.34235921199687
CSS (WENTIAN)           
1 53239U 22085A   25328.58140128  .00021413  00000+0  27858-3 0  9991
2 53239  41.4653 126.8581 0010743 261.2431  98.7190 15.58193834173846
CSS (MENGTIAN)          
1 54216U 22143A   25328.58140128  .00021413  00000+0  27858-3 0  9992
2 54216  41.4653 126.8581 0010743 261.2431  98.7190 15.58193834158643
SOYUZ-MS 27             
1 63520U 25072A   25328.86728725  .00014562  00000+0  27142-3 0  9993
2 63520  51.6314 230.9455 0003895 164.8499 195.2607 15.49056620 20204
SHENZHOU-20 (SZ-20)     
1 63632U 25082A   25328.58140128  .00021413  00000+0  27858-3 0  9999
2 63632  41.4653 126.8581 0010743 261.2431  98.7190 15.58193834255306
PROGRESS-MS 31          
1 64751U 25146A   25328.86728725  .00014562  00000+0  27142-3 0  9992
2 64751  51.6314 230.9455 0003895 164.8499 195.2607 15.49056620  6755
TIANZHOU-9              
1 64786U 25149A   25328.58140128  .00021413  00000+0  27858-3 0  9994
2 64786  41.4653 126.8581 0010743 261.2431  98.7190 15.58193834255307
CREW DRAGON 11          
1 65077U 25166A   25328.86728725  .00014562  00000+0  27142-3 0  9996
2 65077  51.6314 230.9455 0003895 164.8499 195.2607 15.49056620  2146
DRAGON CRS-33           
1 65304U 25186A   25328.86728725  .00014562  00000+0  27142-3 0  9991
2 65304  51.6314 230.9455 0003895 164.8499 195.2607 15.49056620   114
PROGRESS-MS 32          
1 65586U 25204A   25328.86728725  .00014562  00000+0  27142-3 0  9994
2 65586  51.6314 230.9455 0003895 164.8499 195.2607 15.49056620   273
CYGNUS NG-23            
1 65616U 25208A   25328.86728725  .00014562  00000+0  27142-3 0  9992
2 65616  51.6314 230.9455 0003895 164.8499 195.2607 15.49056620   222
DRAGONFLY               
1 65729U 98067XH  25328.45356203  .00136505  00000+0  13042-2 0  9998
2 65729  51.6268 228.9341 0006093 174.3850 185.7215 15.65759999 10290
1998-067XJ              
1 65730U 98067XJ  25328.08723296  .00821396  28309-3  26824-2 0  9996
2 65730  51.6191 227.1932 0012469 176.8753 183.2333 15.89933039 10285
1998-067XK              
1 65731U 98067XK  25328.45611769  .00089807  00000+0  10069-2 0  9990
2 65731  51.6297 229.7077 0006028 149.3085 210.8262 15.61893924 10284
RSP-03                  
1 65732U 98067XL  25327.97661881  .00108568  00000+0  11334-2 0  9999
2 65732  51.6285 231.7507 0006939 150.3605 209.7784 15.63631631 10221
GHS-01                  
1 65733U 98067XM  25328.42971269  .00151210  00000+0  13558-2 0  9997
2 65733  51.6289 228.7787 0006597 172.5677 187.5418 15.67279698 10308
YOTSUBA-KULOVER         
1 65941U 98067XN  25328.81659506  .00067730  00000+0  93112-3 0  9996
2 65941  51.6301 229.8604 0002381 123.8915 236.2304 15.56652021  7063
BOTAN                   
1 65942U 98067XP  25328.14789398  .00093675  00000+0  11894-2 0  9999
2 65942  51.6299 232.8955 0004679 127.4021 232.7398 15.58627558  6964
E-KAGAKU-1              
1 65943U 98067XQ  25328.11008911  .00064191  00000+0  88692-3 0  9994
2 65943  51.6308 233.3942 0004004 108.5710 251.5717 15.56534429  6950
HRC MONOBLOCK CAMERA    
1 66052U 98067XR  25328.89432868  .00038308  00000+0  61670-3 0  9991
2 66052  51.6297 230.3759 0004715 113.5729 246.5757 15.52570261  6067
HTV-X1                  
1 66174U 25241A   25328.86728725  .00014562  00000+0  27142-3 0  9999
2 66174  51.6314 230.9455 0003895 164.8499 195.2607 15.49056620  1458
SZ-21 MODULE            
1 66515U 25246C   25328.82693087  .00030337  00000+0  34980-3 0  9997
2 66515  41.4756 125.2156 0004759 141.8605 218.2571 15.61268541  1640
