ISS (ZARYA)             
1 25544U 98067A   25328.09312817  .00014217  00000+0  26540-3 0  9995
2 25544  51.6317 234.7759 0003932 161.8932 198.2197 15.49034016539961
CSS (TIANHE)            
1 48274U 21035A   25327.87636796  .00021340  00000+0  27798-3 0  9992
2 48274  41.4649 131.1321 0010566 257.4629 102.5027 15.58163060261089
ISS (NAUKA)             
1 49044U 21066A   25327.18992837  .00013668  00000+0  25570-3 0  9997
2 49044  51.6318 239.2442 0003903 158.2569 201.8586 15.49010020230449
FREGAT DEB              
1 49271U 11037PF  25327.21955523  .00008666  00000+0  18984-1 0  9992
2 49271  51.6175 257.1613 0873795 181.6854 178.0981 12.34213421199520
CSS (WENTIAN)           
1 53239U 22085A   25327.17159574  .00021869  00000+0  27133-3 0  9991
2 53239  41.4657 135.4079 0007905 222.0622 137.9610 15.59470569173848
CSS (MENGTIAN)          
1 54216U 22143A   25327.17159574  .00021869  00000+0  27133-3 0  9992
2 54216  41.4657 135.4079 0007905 222.0622 137.9610 15.59470569158645
SOYUZ-MS 27             
1 63520U 25072A   25327.18992837  .00013668  00000+0  25570-3 0  9993
2 63520  51.6318 239.2442 0003903 158.2569 201.8586 15.49010020 20205
SHENZHOU-20 (SZ-20)     
1 63632U 25082A   25327.17159574  .00021869  00000+0  27133-3 0  9999
2 63632  41.4657 135.4079 0007905 222.0622 137.9610 15.59470569255308
PROGRESS-MS 31          
1 64751U 25146A   25327.18992837  .00013668  00000+0  25570-3 0  9992
2 64751  51.6318 239.2442 0003903 158.2569 201.8586 15.49010020  6756
TIANZHOU-9              
1 64786U 25149A   25327.17159574  .00021869  00000+0  27133-3 0  9994
2 64786  41.4657 135.4079 0007905 222.0622 137.9610 15.59470569255309
CREW DRAGON 11          
1 65077U 25166A   25327.18992837  .00013668  00000+0  25570-3 0  9996
2 65077  51.6318 239.2442 0003903 158.2569 201.8586 15.49010020  2147
DRAGON CRS-33           
1 65304U 25186A   25327.18992837  .00013668  00000+0  25570-3 0  9991
2 65304  51.6318 239.2442 0003903 158.2569 201.8586 15.49010020   115
PROGRESS-MS 32          
1 65586U 25204A   25327.18992837  .00013668  00000+0  25570-3 0  9994
2 65586  51.6318 239.2442 0003903 158.2569 201.8586 15.49010020   274
CYGNUS NG-23            
1 65616U 25208A   25327.18992837  .00013668  00000+0  25570-3 0  9992
2 65616  51.6318 239.2442 0003903 158.2569 201.8586 15.49010020   223
DRAGONFLY               
1 65729U 98067XH  25327.94294909  .00135691  00000+0  13034-2 0  9991
2 65729  51.6276 231.5237 0006002 171.8371 188.2723 15.65628847 10214
1998-067XJ              
1 65730U 98067XJ  25327.96151951  .00819989  28134-3  27062-2 0  9991
2 65730  51.6192 227.8548 0012291 176.0013 184.1093 15.89728990 10269
1998-067XK              
1 65731U 98067XK  25327.94424691  .00087105  00000+0  98043-3 0  9997
2 65731  51.6302 232.2887 0005987 146.6351 213.5021 15.61806467 10209
RSP-03                  
1 65732U 98067XL  25327.97661881  .00108568  00000+0  11334-2 0  9999
2 65732  51.6285 231.7507 0006940 150.3605 209.7784 15.63631631 10223
GHS-01                  
1 65733U 98067XM  25327.98335998  .00155206  00000+0  13984-2 0  9992
2 65733  51.6295 231.0475 0006552 170.3902 189.7220 15.67146040 10235
YOTSUBA-KULOVER         
1 65941U 98067XN  25327.14733294  .00065728  00000+0  91124-3 0  9994
2 65941  51.6309 238.2129 0002450 116.5911 243.5332 15.56437686  6800
BOTAN                   
1 65942U 98067XP  25327.12196983  .00078973  00000+0  10128-2 0  9991
2 65942  51.6299 238.0444 0004693 122.4303 237.7144 15.58437580  6800
E-KAGAKU-1              
1 65943U 98067XQ  25327.01859538  .00055364  00000+0  77066-3 0  9996
2 65943  51.6318 238.8550 0004016 102.8578 257.2863 15.56396401  6780
HRC MONOBLOCK CAMERA    
1 66052U 98067XR  25327.99317580  .00036500  00000+0  58953-3 0  9996
2 66052  51.6309 234.8573 0004698 108.3241 251.8260 15.52502100  5924
HTV-X1                  
1 66174U 25241A   25327.18992837  .00013668  00000+0  25570-3 0  9999
2 66174  51.6318 239.2442 0003903 158.2569 201.8586 15.49010020  1459
SZ-21 MODULE            
1 66515U 25246C   25327.93137786  .00028971  00000+0  33497-3 0  9990
2 66515  41.4753 130.6686 0004663 134.1309 225.9914 15.61215711  1507
